,City,Cloudiness,Country,Date,Humidity,Lat,Lng,Max Temp,Wind Speed
0,Lebu,40,ET,1538244000,48,8.96,38.73,60.8,6.93
1,Bambous Virieux,75,MU,1538244000,94,-20.34,57.76,69.8,12.75
2,Cidreira,0,BR,1538248193,74,-30.17,-50.22,80.2,15.48
3,Alice Springs,0,AU,1538247600,43,-23.7,133.88,55.4,11.79
4,Vallenar,44,CL,1538248663,60,-28.58,-70.76,68.77,2.73
5,Chicama,20,PE,1538244000,77,-7.84,-79.15,66.2,12.75
6,Hilo,75,US,1538246640,87,19.71,-155.08,80.06,12.68
7,Middlebury,40,US,1538247360,38,44.01,-73.17,64.94,6.93
8,Kapaa,90,US,1538244060,93,22.08,-159.32,80.96,18.34
9,Victoria,75,BN,1538247600,88,5.28,115.24,80.6,5.64
10,New Norfolk,75,AU,1538245800,53,-42.78,147.06,51.8,16.11
11,Haljala,88,EE,1538248665,81,59.43,26.27,41.95,9.44
12,Jamestown,0,AU,1538248136,77,-33.21,138.6,35.11,6.64
13,Salalah,20,OM,1538243400,78,17.01,54.1,78.8,5.82
14,Arraial do Cabo,75,BR,1538244000,78,-22.97,-42.02,78.8,11.41
15,Bethel,75,US,1538243580,82,60.79,-161.76,51.08,4.7
16,Nuuk,75,GL,1538247000,45,64.17,-51.74,44.6,32.21
17,Saint-Philippe,40,CA,1538247300,53,45.36,-73.48,62.42,4.7
18,Mataura,92,NZ,1538248124,94,-46.19,168.86,43.66,2.95
19,Esperance,40,TT,1538244000,62,10.24,-61.45,89.6,11.41
20,Morgan City,20,US,1538247000,88,29.7,-91.21,84.2,4.7
21,San Quintin,20,PH,1538244000,94,17.54,120.52,75.2,2.24
22,Avarua,75,CK,1538244000,68,-21.21,-159.78,71.6,3.36
23,Nanortalik,64,GL,1538248137,93,60.14,-45.24,38.35,6.76
24,Rikitea,12,PF,1538248120,100,-23.12,-134.97,72.01,11.23
25,Kutoarjo,36,ID,1538248669,100,-7.72,109.9,73.0,3.96
26,Nuevo Progreso,1,US,1538247300,65,26.05,-97.95,86.0,11.41
27,Nikolskoye,0,RU,1538245800,80,59.7,30.79,42.8,8.95
28,Canakkale,75,TR,1538247000,93,40.15,26.41,66.2,9.17
29,Kavaratti,24,IN,1538248154,100,10.57,72.64,81.55,8.66
30,Pangnirtung,90,CA,1538244300,69,66.15,-65.72,35.6,16.11
31,Hobart,75,AU,1538245800,53,-42.88,147.33,51.8,16.11
32,Talnakh,36,RU,1538248045,85,69.49,88.39,43.3,21.63
33,Kodiak,90,US,1538247180,77,39.95,-94.76,57.92,12.8
34,Suwannaphum,8,TH,1538248671,76,15.61,103.81,78.13,8.77
35,Upernavik,64,GL,1538248182,100,72.79,-56.15,34.93,16.71
36,Busselton,68,AU,1538248127,100,-33.64,115.35,56.89,16.15
37,Kuching,75,MY,1538247600,94,1.56,110.34,75.2,2.24
38,Ambulu,92,ID,1538248672,97,-8.35,113.61,76.69,0.94
39,Goderich,8,CA,1538248673,78,43.74,-81.71,55.36,14.7
40,Ushuaia,90,AR,1538244000,97,-54.81,-68.31,37.4,21.92
41,Oxbow,1,CA,1538244000,31,49.23,-102.17,48.2,8.05
42,Albany,75,US,1538247060,45,42.65,-73.75,68.0,17.22
43,Port Alfred,0,ZA,1538248119,85,-33.59,26.89,63.82,13.24
44,Okhotsk,24,RU,1538248674,96,59.36,143.24,38.8,14.14
45,Chuy,48,UY,1538248151,88,-33.69,-53.46,74.44,17.38
46,Hasaki,75,JP,1538246640,100,35.73,140.83,64.4,8.05
47,Cockburn Town,68,TC,1538248232,95,21.46,-71.14,84.43,16.71
48,Cape Town,0,ZA,1538244000,82,-33.93,18.42,60.8,9.17
49,Tres Arroyos,100,AR,1538248675,100,-38.38,-60.28,55.0,10.67
50,Cabo San Lucas,40,MX,1538243280,78,22.89,-109.91,87.8,3.36
51,Srednekolymsk,88,RU,1538248180,92,67.46,153.71,34.93,7.99
52,Jos,8,NG,1538248675,70,9.92,8.9,75.25,3.4
53,Lompoc,90,US,1538246100,72,34.64,-120.46,68.0,4.7
54,Punta Arenas,75,CL,1538244000,69,-53.16,-70.91,39.2,6.93
55,Florianopolis,20,BR,1538244000,73,-27.6,-48.55,77.0,14.99
56,Vaini,44,IN,1538248676,94,15.34,74.49,70.93,2.17
57,Iskateley,92,RU,1538248677,97,67.68,53.15,41.95,21.85
58,Airai,0,TL,1538248285,85,-8.93,125.41,60.67,1.83
59,Tiksi,88,RU,1538247992,100,71.64,128.87,30.97,3.18
60,Paamiut,64,GL,1538248160,96,61.99,-49.67,40.06,19.84
61,Sao Joao da Barra,92,BR,1538248153,100,-21.64,-41.05,74.44,7.54
62,Poronaysk,0,RU,1538248678,97,49.22,143.1,38.08,3.74
63,San Cristobal,40,EC,1538244000,28,-0.39,-78.55,71.6,10.29
64,Barrow,100,AR,1538248125,100,-38.31,-60.23,55.0,10.67
65,Port Elizabeth,1,US,1538247300,48,39.31,-74.98,78.98,8.05
66,Castro,44,CL,1538248123,100,-42.48,-73.76,43.03,7.2
67,Badiraguato,90,MX,1538243040,74,25.36,-107.55,82.4,4.7
68,Wajima,100,JP,1538248142,100,37.4,136.9,65.35,5.41
69,Hirado,92,JP,1538248679,100,33.32,129.49,72.28,32.37
70,Alyangula,0,AU,1538248680,100,-13.85,136.42,75.7,11.01
71,Qaanaaq,36,GL,1538248153,100,77.48,-69.36,19.9,5.64
72,Butaritari,36,KI,1538248129,100,3.07,172.79,84.7,1.28
73,Carbonia,5,IT,1538247300,88,39.17,8.53,71.6,1.12
74,Hermanus,0,ZA,1538248181,49,-34.42,19.24,59.41,4.97
75,Harper,75,US,1538247300,86,30.3,-99.24,82.94,5.82
76,Samana,8,EC,1538248681,48,0.12,-76.97,93.61,2.73
77,Yellowknife,90,CA,1538245620,69,62.45,-114.38,33.8,12.75
78,Puerto Ayora,40,EC,1538244000,69,-0.74,-90.35,78.8,19.46
79,Westport,90,IE,1538244000,87,53.8,-9.52,50.0,9.17
80,Merrill,1,US,1538247180,5,42.03,-121.6,68.0,17.22
81,Souillac,0,FR,1538247600,52,45.6,-0.6,66.2,5.82
82,Rawson,0,AR,1538248271,41,-43.3,-65.11,65.08,13.47
83,Iqaluit,90,CA,1538244660,100,63.75,-68.52,33.8,2.24
84,Atuona,0,PF,1538248160,100,-9.8,-139.03,79.48,11.12
85,Guerrero Negro,0,MX,1538248244,54,27.97,-114.04,83.8,3.62
86,Lisakovsk,12,KZ,1538248684,61,52.55,62.49,54.1,11.79
87,Klaksvik,92,FO,1538247000,87,62.23,-6.59,46.4,25.28
88,Dehloran,0,IR,1538248219,34,32.69,47.27,73.81,2.39
89,Ilulissat,40,GL,1538247000,55,69.22,-51.1,35.6,18.34
90,Caravelas,0,BR,1538248129,100,-17.73,-39.27,76.96,8.43
91,Constitucion,90,MX,1538243940,68,23.99,-104.67,66.2,4.7
92,Huarmey,0,PE,1538248120,54,-10.07,-78.15,73.9,3.96
93,Dawei,76,MM,1538248686,97,14.07,98.19,76.15,1.95
94,Lagoa,20,PT,1538245800,78,37.14,-8.45,73.4,5.82
95,Phonhong,88,LA,1538248686,100,18.5,102.42,71.65,3.18
96,Ponta do Sol,92,BR,1538248196,50,-20.63,-46.0,82.99,5.08
97,San Policarpo,20,PH,1538248687,100,12.18,125.51,78.4,3.4
98,Port Macquarie,90,AU,1538247600,62,-31.43,152.91,57.2,8.05
99,Sijunjung,76,ID,1538248687,96,-0.69,100.95,71.29,0.16
100,Santa Maria,20,BR,1538244000,44,-29.69,-53.81,93.2,10.29
101,Thompson,75,CA,1538244000,64,55.74,-97.86,39.2,11.41
102,Zyryanka,92,RU,1538248690,83,65.73,150.89,34.03,10.78
103,Vila Franca do Campo,20,PT,1538245800,68,37.72,-25.43,69.8,14.99
104,Svetlaya,12,RU,1538248690,100,46.54,138.33,55.09,8.66
105,Laguna,75,MX,1538242860,58,27.52,-110.01,87.8,5.82
106,Cayenne,0,GF,1538245800,59,4.94,-52.33,89.6,14.99
107,Madingou,12,CG,1538248691,88,-4.17,13.56,77.77,1.95
108,Necochea,100,AR,1538248691,100,-38.55,-58.74,56.26,20.51
109,Bredasdorp,0,ZA,1538244000,72,-34.53,20.04,60.8,12.75
110,Graciano Sanchez,75,MX,1538243160,43,23.92,-99.28,87.8,4.7
111,Bilibino,92,RU,1538247917,100,68.06,166.44,34.48,4.18
112,Bluff,0,AU,1538248123,83,-23.58,149.07,62.56,6.53
113,Gondanglegi,0,ID,1538248692,90,-7.75,112.01,68.41,5.75
114,Saldanha,0,PT,1538247978,47,41.42,-6.55,73.9,2.39
115,Aykhal,88,RU,1538248693,86,65.95,111.51,34.84,3.06
116,Dunedin,92,NZ,1538248175,100,-45.87,170.5,43.84,3.51
117,Portland,90,US,1538247180,64,45.52,-122.67,62.96,4.7
118,Ahipara,0,NZ,1538248694,100,-35.17,173.16,40.87,3.74
119,Kristianstad,48,SE,1538247000,81,56.03,14.16,53.6,9.17
120,Lerwick,56,GB,1538247000,66,60.15,-1.15,51.8,27.51
121,Norman Wells,75,CA,1538244000,75,65.28,-126.83,32.0,8.05
122,Saint-Pierre,0,FR,1538247600,57,48.95,4.24,51.8,8.05
123,Dikson,56,RU,1538248135,76,73.51,80.55,44.92,24.09
124,Bandarbeyla,8,SO,1538248695,97,9.49,50.81,77.77,20.74
125,Katsuura,92,JP,1538248169,100,33.93,134.5,69.4,5.41
126,Eureka,90,US,1538247300,83,40.8,-124.16,64.4,8.05
127,Husavik,0,CA,1538248696,99,50.56,-96.99,44.11,8.77
128,Pevek,92,RU,1538248696,100,69.7,170.27,39.79,7.87
129,Bacolod,32,PH,1538248697,94,10.68,122.95,75.7,6.2
130,Uyuni,0,BO,1538248280,16,-20.46,-66.82,62.83,7.65
131,Mar del Plata,64,AR,1538248066,45,-46.43,-67.52,56.8,15.48
132,Dabakala,0,CI,1538248697,93,8.36,-4.43,79.93,2.62
133,Saskylakh,80,RU,1538248131,99,71.97,114.09,32.5,9.66
134,Dubti,0,ET,1538248698,25,11.74,41.09,82.09,6.2
135,Provideniya,92,RU,1538248226,86,64.42,-173.23,48.88,25.21
136,Kaitangata,92,NZ,1538248150,95,-46.28,169.85,44.47,4.07
137,Shaunavon,44,CA,1538248698,83,49.65,-108.41,43.84,8.66
138,Falam,64,MM,1538248699,98,22.91,93.68,67.87,2.06
139,Amga,88,RU,1538248699,62,60.89,131.98,36.1,6.98
140,Sisimiut,76,GL,1538248023,76,66.94,-53.67,34.39,3.85
141,Talcahuano,75,CL,1538244000,82,-36.72,-73.12,55.4,12.75
142,Tourlaville,0,FR,1538247600,71,49.64,-1.57,53.6,3.36
143,Kenai,1,US,1538243760,86,60.55,-151.26,46.94,3.62
144,Ambovombe,0,MG,1538248700,84,-25.18,46.09,72.55,4.74
145,Gariadhar,0,IN,1538248701,64,21.54,71.58,79.21,3.62
146,Garissa,12,KE,1538248701,55,-0.46,39.64,79.93,15.14
147,Charyshskoye,0,RU,1538248701,77,51.4,83.56,38.35,2.51
148,Ponta Delgada,20,PT,1538245800,68,37.73,-25.67,69.8,14.99
149,Mount Gambier,20,AU,1538248174,88,-37.83,140.78,43.93,2.51
150,Taltal,0,CL,1538248089,71,-25.41,-70.49,70.12,3.18
151,Sorland,92,NO,1538247995,100,67.67,12.69,48.88,20.85
152,Macapa,40,BR,1538244000,49,0.05,-51.07,93.2,14.99
153,Khatanga,44,RU,1538248703,92,71.98,102.47,38.71,12.46
154,Monywa,56,MM,1538248703,90,22.12,95.13,77.5,2.73
155,Berlevag,48,NO,1538248703,100,70.86,29.09,35.56,16.37
156,Ojinaga,0,US,1538248703,41,29.56,-104.41,83.53,2.84
157,Leningradskiy,68,RU,1538248171,89,69.38,178.42,42.31,18.72
158,Zhezkazgan,0,KZ,1538248704,69,47.8,67.71,42.31,5.08
159,Flinders,0,AU,1538244000,81,-34.58,150.85,42.8,8.05
160,Jalu,68,LY,1538248188,23,29.03,21.55,77.5,3.96
161,Ribeira Grande,20,PT,1538245800,60,38.52,-28.7,71.6,12.75
162,Georgetown,20,GY,1538248122,80,6.8,-58.16,85.15,7.54
163,Faanui,92,PF,1538248184,100,-16.48,-151.75,76.6,7.2
164,Namatanai,0,PG,1538248124,100,-3.66,152.44,81.73,15.48
165,Broken Hill,0,AU,1538248490,75,-31.97,141.45,39.97,7.43
166,Ucluelet,75,CA,1538247600,87,48.94,-125.55,59.0,8.05
167,Aswan,0,EG,1538248707,21,24.09,32.9,94.15,11.79
168,Touros,8,BR,1538248162,69,-5.2,-35.46,84.25,16.26
169,Hamilton,40,BM,1538243700,74,32.3,-64.78,84.2,14.99
170,Lushoto,44,TZ,1538248708,91,-4.8,38.29,63.91,2.39
171,Ahuimanu,40,US,1538244060,87,21.44,-157.84,82.04,6.98
172,Sitka,44,US,1538248143,80,37.17,-99.65,62.11,5.41
173,Carnarvon,0,ZA,1538248170,11,-30.97,22.13,53.83,5.75
174,Zhanaozen,64,KZ,1538248709,42,43.35,52.85,67.6,11.01
175,Bara,36,NG,1538248709,47,10.41,10.6,87.85,4.74
176,Sola,75,NO,1538247000,81,58.89,5.65,53.6,17.22
177,Itoman,75,JP,1538246040,98,26.12,127.67,80.6,31.09
178,Rocha,92,UY,1538248209,98,-34.48,-54.34,69.4,13.47
179,Rio Gallegos,40,AR,1538244000,28,-51.62,-69.22,46.4,12.75
180,Pemba,0,MZ,1538248253,99,-12.97,40.52,79.21,5.19
181,Qom,64,IR,1538248711,39,34.64,50.88,68.05,0.83
182,Bonavista,88,CA,1538248093,82,48.65,-53.11,60.13,18.16
183,La Ronge,90,CA,1538244000,59,55.1,-105.3,37.4,17.22
184,Nerchinskiy Zavod,20,RU,1538248711,72,51.31,119.61,39.97,4.18
185,Codrington,92,AU,1538248258,96,-28.95,153.24,59.23,3.74
186,Matamoros,1,US,1538247180,84,25.87,-97.51,80.06,6.93
187,Jiuquan,8,CN,1538248713,39,39.73,98.49,36.01,7.99
188,Pokhara,12,NP,1538248713,60,28.21,83.99,60.85,3.4
189,Mattru,80,SL,1538248713,90,7.62,-11.83,80.11,4.74
190,San Vicente,20,SV,1538247000,62,13.64,-88.78,89.6,5.82
191,Dingle,80,PH,1538248197,99,11.0,122.67,74.89,3.96
192,Ancud,92,CL,1538247880,90,-41.87,-73.83,45.01,7.65
193,Siniscola,0,IT,1538247000,77,40.57,9.69,64.4,2.24
194,Banjar,56,ID,1538248714,95,-7.37,108.54,65.98,2.62
195,Panalingaan,12,PH,1538248715,100,8.78,117.42,77.86,4.18
196,Port Augusta,0,AU,1538247600,66,-32.49,137.76,51.8,11.41
197,Faya,0,SA,1538244000,21,18.39,42.45,73.4,8.05
198,Yeppoon,75,AU,1538247600,88,-23.13,150.74,64.4,4.7
199,Nagato,90,JP,1538247000,93,34.35,131.14,66.2,4.7
200,Broome,0,GB,1538247360,66,52.47,1.45,53.6,5.82
201,Erzin,20,TR,1538245200,73,36.95,36.2,78.8,2.24
202,Plouzane,0,FR,1538247600,81,48.38,-4.62,53.6,4.7
203,Vanimo,48,PG,1538248717,100,-2.67,141.3,81.46,10.0
204,Dharchula,0,IN,1538248718,78,29.85,80.53,48.34,1.72
205,Narsaq,40,GL,1538247000,41,60.91,-46.05,41.0,4.7
206,Tessalit,44,ML,1538248242,23,20.2,1.01,91.45,3.74
207,Le Port,88,FR,1538248696,95,42.87,1.37,49.06,0.94
208,Dourbali,0,TD,1538248719,60,11.81,15.86,83.71,6.42
209,Camabatela,36,AO,1538248132,98,-8.19,15.37,66.16,2.39
210,Zhuhai,20,CN,1538244000,56,40.71,112.04,44.6,11.18
211,Hithadhoo,92,MV,1538248152,100,-0.6,73.08,81.46,10.67
212,Mount Isa,0,AU,1538245800,40,-20.73,139.49,75.2,9.17
213,Baruun-Urt,92,MN,1538248720,96,46.68,113.28,41.68,19.51
214,Numan,32,NG,1538248720,95,9.46,12.04,74.44,3.4
215,Port Lincoln,8,AU,1538248721,100,-34.72,135.86,50.86,13.13
216,Pisco,0,PE,1538244000,30,-13.71,-76.2,71.6,10.29
217,Karpinsk,12,RU,1538248721,82,59.76,60.01,40.87,8.55
218,Price,1,US,1538247180,3,39.6,-110.81,75.92,3.36
219,Tuktoyaktuk,90,CA,1538244000,92,69.44,-133.03,26.6,6.93
220,Maralal,64,KE,1538248722,89,1.1,36.7,61.75,5.53
221,Aklavik,40,CA,1538247600,92,68.22,-135.01,32.0,2.24
222,Saint Anthony,1,US,1538247360,4,43.97,-111.68,69.98,3.36
223,Alugan,20,PH,1538248172,100,12.22,125.48,78.4,3.4
224,Mocuba,0,MZ,1538248723,45,-16.84,36.99,81.1,10.78
225,Freeport,75,BS,1538244000,83,26.54,-78.7,82.4,5.82
226,Severo-Kurilsk,36,RU,1538248300,100,50.68,156.12,46.18,8.66
227,Arman,20,RU,1538244000,89,59.7,150.17,41.0,4.47
228,Reserva,64,BR,1538248724,63,-24.65,-50.85,78.85,3.18
229,Inongo,44,CD,1538248724,86,-1.93,18.29,77.23,0.72
230,La Libertad,0,PE,1538244000,11,-16.38,-71.56,73.4,11.41
231,Geraldton,90,CA,1538246220,59,49.72,-86.95,35.6,5.82
232,Pinawa,0,CA,1538248725,81,50.15,-95.88,44.11,11.01
233,Kabare,68,RW,1538248725,99,-1.65,29.38,59.5,2.06
234,Usinsk,92,RU,1538248631,97,66.0,57.56,38.8,12.12
235,Vigrestad,75,NO,1538247000,81,58.57,5.7,51.8,17.22
236,Pecos,1,US,1538247300,60,31.42,-103.49,78.98,4.7
237,Torbay,90,CA,1538244000,82,47.66,-52.73,68.0,18.34
238,Anchorage,1,US,1538243760,83,61.22,-149.89,48.92,3.36
239,Saint George,90,GR,1538243400,87,39.45,22.34,59.0,13.87
240,Seoul,0,KR,1538245800,87,37.57,126.98,60.8,3.36
241,Bhunya,20,SZ,1538248727,74,-26.54,31.01,58.78,5.41
242,Waddan,0,LY,1538248146,37,29.16,16.14,69.13,3.06
243,Peniche,0,PT,1538247600,88,39.36,-9.38,68.0,4.7
244,Saint-Georges,0,CA,1538248471,65,46.12,-70.67,55.0,6.87
245,Vitim,0,RU,1538248728,81,59.44,112.57,30.07,2.51
246,Sao Jose da Coroa Grande,68,BR,1538248728,84,-8.9,-35.15,79.84,9.22
247,Bahia Blanca,0,AR,1538248729,75,-38.72,-62.27,60.04,15.48
248,Giyani,20,ZA,1538248729,47,-23.32,30.73,71.11,19.17
249,Kandrian,80,PG,1538248139,82,-6.21,149.55,77.14,7.09
250,Marsala,0,IT,1538247300,73,37.8,12.44,71.6,5.82
251,Tvoroyri,92,FO,1538247000,87,61.56,-6.81,46.4,25.28
252,Dolores,92,UY,1538248730,100,-33.53,-58.22,67.51,8.1
253,Mahebourg,75,MU,1538244000,94,-20.41,57.7,69.8,12.75
254,Muisne,24,EC,1538248731,74,0.61,-80.02,81.64,6.98
255,Feijo,75,EC,1538244000,33,-3.63,-79.92,89.6,8.05
256,Riyadh,0,SA,1538244000,6,24.63,46.72,87.8,6.93
257,Teknaf,8,BD,1538248731,95,20.86,92.31,78.13,1.61
258,Port Hedland,40,AU,1538247600,77,-20.31,118.58,69.8,11.41
259,Panambi,0,BR,1538248732,73,-28.29,-53.5,84.25,15.82
260,Hobyo,92,SO,1538248732,90,5.35,48.53,77.68,10.11
261,Chimore,20,BO,1538248733,70,-16.98,-65.13,86.05,3.96
262,Santa Cruz,1,US,1538246100,59,36.97,-122.03,69.8,3.18
263,Pyshchug,88,RU,1538248719,88,58.89,45.71,41.05,6.64
264,Alofi,36,NU,1538244000,73,-19.06,-169.92,75.2,10.29
265,Sri Aman,92,MY,1538247600,100,1.24,111.46,73.4,2.17
266,Puerto del Rosario,40,ES,1538247600,65,28.5,-13.86,78.8,12.75
267,Ler,75,NO,1538247000,76,63.2,10.3,48.2,10.29
268,Aripuana,0,BR,1538248734,42,-9.17,-60.63,96.58,3.18
269,Salinopolis,12,BR,1538248735,88,-0.61,-47.36,83.8,15.59
270,Lingyuan,0,CN,1538248735,73,41.24,119.4,34.39,5.08
271,Shache,8,CN,1538248735,34,38.42,77.24,52.3,8.99
272,Mombetsu,32,JP,1538248736,100,44.35,143.35,56.8,4.74
273,Ouidah,40,BJ,1538247600,83,6.37,2.09,80.6,9.17
274,Longyearbyen,75,NO,1538247000,85,78.22,15.63,24.8,3.36
275,Beringovskiy,92,RU,1538248736,94,63.05,179.32,49.15,23.42
276,Chapais,90,CA,1538246040,80,49.78,-74.86,41.0,4.7
277,Kasiri,36,SL,1538248737,96,8.94,-13.11,80.47,13.02
278,Coquimbo,0,CL,1538244000,82,-29.95,-71.34,60.8,11.41
279,Tasiilaq,20,GL,1538247000,41,65.61,-37.64,39.2,3.36
280,Tak Bai,75,TH,1538244000,88,6.26,102.05,80.6,1.12
281,Kemise,0,ET,1538248738,67,10.72,39.87,50.23,2.84
282,Ust-Nera,92,RU,1538248738,85,64.57,143.24,21.16,4.63
283,Greenwood,0,US,1538247180,51,32.03,-101.9,83.3,6.93
284,Los Llanos de Aridane,40,ES,1538247600,78,28.66,-17.92,75.2,12.75
285,Cherskiy,92,RU,1538248171,92,68.75,161.3,34.75,6.98
286,Skjervoy,88,NO,1538248739,100,70.03,20.97,41.5,15.93
287,Port Keats,0,AU,1538248740,66,-14.25,129.55,75.25,17.16
288,Flin Flon,75,CA,1538247600,60,54.77,-101.88,39.2,17.22
289,Brae,92,GB,1538247000,66,60.4,-1.35,51.8,27.51
290,Mackay,75,CA,1538247600,47,53.65,-115.58,37.4,5.82
291,Tuatapere,44,NZ,1538248152,100,-46.13,167.69,44.83,6.98
292,Guanica,40,PR,1538247000,100,17.97,-66.91,86.0,20.8
293,Yamada,75,JP,1538244000,100,36.58,137.08,62.6,2.24
294,Cabanas,0,ES,1538247600,88,43.42,-8.16,73.4,2.17
295,Yushu,76,CN,1538248742,93,44.84,126.53,52.48,5.97
296,Khandbari,32,NP,1538248743,64,27.38,87.21,43.93,1.39
297,Kuntaur,68,GM,1538248743,75,13.67,-14.89,86.41,4.52
298,Slave Lake,90,CA,1538247600,59,55.28,-114.77,33.8,10.29
299,Mehamn,24,NO,1538248253,87,71.03,27.85,36.37,17.49
300,Khorixas,20,NA,1538248744,41,-20.37,14.96,80.56,4.97
301,Buchanan,92,LR,1538248744,100,5.88,-10.05,77.41,7.31
302,Salvador,40,BR,1538244000,74,-12.98,-38.48,82.4,12.75
303,Prince Rupert,1,CA,1538244000,26,54.32,-130.32,60.8,14.99
304,Jalingo,36,NG,1538248745,47,10.3,10.93,87.85,4.74
305,Varnavino,76,RU,1538248746,96,61.19,46.56,40.51,11.79
306,Novo Aripuana,12,BR,1538248746,53,-5.12,-60.38,93.43,3.62
307,Babynino,48,RU,1538248746,74,54.39,35.75,42.76,6.08
308,Hayvoron,48,UA,1538248747,95,48.34,29.87,46.36,12.8
309,Nouadhibou,0,MR,1538244000,78,20.93,-17.03,73.4,12.75
310,Kungurtug,0,RU,1538248747,79,50.6,97.53,23.68,2.39
311,Taksimo,8,RU,1538248747,86,56.36,114.84,25.93,1.95
312,Half Moon Bay,75,US,1538243760,58,37.46,-122.43,69.98,6.93
313,Kuytun,0,RU,1538248748,91,54.34,101.51,37.27,4.63
314,Hall,90,NL,1538247300,87,52.11,6.1,46.4,3.36
315,Negara,44,ID,1538248749,97,-8.36,114.62,75.7,2.17
316,Senador Jose Porfirio,56,BR,1538248749,65,-2.59,-51.95,88.93,4.74
317,Lakhdenpokhya,64,RU,1538248749,83,61.52,30.2,42.76,13.58
318,Lorengau,0,PG,1538248472,100,-2.02,147.27,82.99,9.44
319,Nome,90,US,1538247300,89,30.04,-94.42,76.1,5.82
320,Fasa,0,IR,1538244000,21,28.94,53.65,78.8,4.7
321,Zhangye,0,CN,1538248189,46,38.94,100.46,39.97,7.31
322,La Rochelle,0,FR,1538247600,59,46.16,-1.15,62.6,9.17
323,Petauke,0,ZM,1538248751,24,-14.25,31.33,83.8,17.38
324,Lavrentiya,88,RU,1538248752,90,65.58,-170.99,46.36,22.53
325,Marzuq,24,YE,1538248162,54,14.4,46.47,64.45,2.95
326,Dogondoutchi,32,NE,1538248753,82,13.64,4.03,77.5,7.54
327,Predivinsk,0,RU,1538248753,62,57.07,93.44,49.24,7.2
328,Clearlake,90,US,1538248320,93,38.96,-122.63,64.04,6.93
329,Bathsheba,40,BB,1538244000,70,13.22,-59.52,86.0,19.46
330,Inhambane,75,MZ,1538244000,69,-23.87,35.38,75.2,20.8
331,Hunxe,0,DE,1538247000,75,51.65,6.78,50.0,4.7
332,Coos Bay,90,US,1538247360,61,43.37,-124.22,66.92,6.93
333,Ifanadiana,12,MG,1538248755,94,-21.3,47.64,56.26,2.62
334,Lata,0,IN,1538248284,100,30.78,78.62,47.17,1.72
335,Manicore,76,BR,1538248756,62,-5.81,-61.3,91.36,2.17
336,Gwanda,76,ZW,1538248756,42,-20.94,29.0,75.7,22.75
337,Aksarka,92,RU,1538248544,94,66.56,67.8,40.78,13.47
338,Cheremkhovo,0,RU,1538248756,95,53.15,103.07,38.89,9.44
339,Fort Oglethorpe,75,US,1538247300,52,34.95,-85.24,84.2,4.7
340,Sterling,75,US,1538247360,48,39.0,-77.4,80.06,8.05
341,Taft,20,PH,1538248758,100,11.9,125.42,78.4,3.4
342,Mgandu,0,TZ,1538248758,40,-5.96,34.11,72.28,12.57
343,Bana,0,CN,1538248758,90,24.25,107.4,63.46,3.06
344,Luderitz,0,NA,1538248227,64,-26.65,15.16,66.7,10.22
345,Wajir,80,KE,1538248759,60,1.75,40.07,81.64,10.45
346,Yulara,32,AU,1538247600,32,-25.24,130.99,66.2,14.99
347,Petropavl,0,KZ,1538248760,55,54.87,69.13,55.9,18.05
348,Te Anau,92,NZ,1538247940,99,-45.41,167.72,38.98,2.73
349,Micheweni,0,TZ,1538248760,99,-4.97,39.83,78.22,15.14
350,Shikarpur,0,PK,1538248760,66,27.96,68.63,77.32,7.87
351,Puerto Berrio,32,CO,1538248761,69,6.49,-74.4,87.58,0.6
352,Merauke,0,ID,1538248761,88,-8.49,140.4,74.8,18.16
353,Samorin,0,SK,1538247600,53,48.03,17.31,50.0,3.36
354,Ialibu,40,PG,1538247600,81,-6.28,143.99,51.8,4.7
355,Milas,75,TR,1538245200,73,37.31,27.78,71.6,6.93
356,Norsup,92,VU,1538248762,99,-16.07,167.38,75.25,15.48
357,Tura,20,IN,1538248277,98,25.52,90.21,74.08,2.62
358,Kushiro,80,JP,1538248762,91,43.11,144.15,48.07,2.17
359,Lotoshino,0,RU,1538248763,79,56.23,35.64,35.2,7.43
360,Namibe,88,AO,1538248763,96,-15.19,12.15,69.67,4.63
361,Gobabis,64,NA,1538244000,16,-22.45,18.97,87.8,10.29
362,Margate,75,AU,1538247600,53,-43.03,147.26,51.8,14.99
363,Yilan,40,TW,1538245800,83,24.75,121.75,71.6,5.82
364,Nongstoin,68,IN,1538248764,98,25.52,91.27,72.1,2.06
365,Buala,44,SB,1538248765,100,-8.15,159.59,78.31,3.62
366,Hualmay,20,PE,1538248765,70,-11.1,-77.61,70.48,5.75
367,Kaeo,0,NZ,1538248765,76,-35.1,173.78,35.83,2.06
368,Prieska,0,ZA,1538248482,15,-29.67,22.74,58.87,5.41
369,Gushikawa,40,JP,1538246040,88,26.35,127.87,80.6,23.04
370,Mayumba,24,GA,1538248766,94,-3.44,10.65,75.7,5.64
371,Verkhoyansk,64,RU,1538248259,89,67.55,133.39,25.3,5.08
372,Bedi,56,NG,1538248767,87,13.39,4.96,74.8,2.06
373,Kloulklubed,90,PW,1538243400,83,7.04,134.26,80.6,11.41
374,Makokou,88,GA,1538248768,82,0.56,12.85,77.23,3.18
375,Muros,0,ES,1538247600,69,42.77,-9.06,73.4,2.24
376,Sokolo,48,ML,1538248769,67,14.74,-6.12,85.69,3.4
377,Labuhan,12,ID,1538248732,85,-2.54,115.51,74.08,2.17
378,Waipawa,8,NZ,1538248769,84,-39.94,176.59,39.43,6.64
379,Maine-Soroa,0,NE,1538248770,38,13.21,12.02,89.29,5.08
380,Grindavik,75,IS,1538245800,100,63.84,-22.43,41.0,19.46
381,Benton Harbor,1,US,1538246100,39,42.12,-86.45,60.08,5.82
382,Zhanakorgan,0,KZ,1538248254,61,43.91,67.25,56.98,8.55
383,Vila Velha,0,BR,1538244000,62,-3.71,-38.6,86.0,17.22
384,Kristiansund,75,NO,1538247000,81,63.12,7.73,48.2,28.86
385,Luanda,75,AO,1538244000,88,-8.83,13.24,73.4,8.05
386,Shenjiamen,36,CN,1538248772,90,29.96,122.3,74.89,31.14
387,Kautokeino,92,NO,1538248772,82,69.01,23.04,32.77,10.78
388,Tambo Grande,75,EC,1538244000,33,-3.58,-79.83,89.6,8.05
389,Palaikastron,8,GR,1538248772,93,35.2,26.25,75.97,23.09
390,Port Hardy,75,CA,1538244000,87,50.7,-127.42,51.8,2.24
391,Fairbanks,1,US,1538247480,11,64.84,-147.72,48.74,10.29
392,Port-Gentil,75,GA,1538244000,88,-0.72,8.78,80.6,6.93
393,Kieta,24,PG,1538248774,100,-6.22,155.63,75.43,3.62
394,Fort Saint James,0,CA,1538248774,58,54.43,-124.25,38.71,11.79
395,Surin,56,TH,1538248774,92,14.88,103.49,77.59,5.53
396,Santa Cruz de la Palma,40,ES,1538247600,78,28.68,-17.76,75.2,12.75
397,Gazanjyk,0,TM,1538248501,29,39.24,55.52,69.85,7.65
398,Marrakesh,75,MA,1538247600,57,31.63,-7.99,75.2,6.93
399,Coolum Beach,44,AU,1538248775,100,-26.53,153.09,61.93,4.41
400,Sonoita,1,US,1538247480,20,31.68,-110.66,94.28,3.36
401,Yaan,20,NG,1538248752,81,7.38,8.57,82.72,2.84
402,Kankan,92,GN,1538248776,100,10.38,-9.3,69.76,6.98
403,Clyde River,90,CA,1538244000,79,70.47,-68.59,24.8,8.05
404,Ostrovnoy,12,RU,1538248274,88,68.05,39.51,28.18,9.22
405,Duluth,90,US,1538247300,11,46.77,-92.13,44.6,6.93
406,Komsomolskiy,92,RU,1538248777,96,67.55,63.78,36.1,16.49
407,Minab,0,IR,1538245800,66,27.15,57.07,84.2,4.7
408,Mnichovo Hradiste,0,CZ,1538247600,65,50.53,14.97,48.2,1.12
409,Tatvan,0,TR,1538248778,66,38.5,42.28,50.59,2.17
410,Kalmunai,76,LK,1538248779,100,7.42,81.82,74.98,3.06
411,Turukhansk,92,RU,1538248779,87,65.8,87.96,48.25,20.4
412,Giraltovce,0,SK,1538247600,73,49.11,21.52,48.2,13.87
413,Oranjestad,40,AW,1538244000,62,12.52,-70.03,89.6,12.75
414,Beloha,0,MG,1538248780,70,-25.17,45.06,73.54,12.91
415,Santa Isabel do Rio Negro,20,BR,1538248193,58,-0.41,-65.02,93.43,3.4
416,Langenburg,12,CA,1538248780,65,50.84,-101.7,44.65,9.44
417,College,1,US,1538247480,11,64.86,-147.8,48.74,10.29
418,Charters Towers,0,AU,1538248781,90,-20.07,146.27,57.61,2.95
419,Tobermory,8,CA,1538248658,100,45.25,-81.67,52.57,19.73
420,Maceio,40,BR,1538244000,69,-9.67,-35.74,82.4,17.22
421,Havre,90,US,1538247180,68,48.55,-109.68,44.96,5.82
422,Lieksa,36,FI,1538248782,79,63.32,30.02,38.35,6.76
423,Yotoco,20,CO,1538244000,36,3.86,-76.39,91.4,6.93
424,Coihaique,90,CL,1538244000,60,-45.58,-72.07,39.2,4.7
425,Mollendo,0,PE,1538248783,58,-17.03,-72.02,72.37,4.52
426,Anton Lizardo,90,MX,1538242920,94,19.05,-95.98,77.0,9.17
427,Nyurba,0,RU,1538248184,97,63.29,118.35,38.8,5.97
428,Chake Chake,0,TZ,1538248784,95,-5.25,39.77,78.31,15.26
429,East London,40,ZA,1538244000,59,-33.02,27.91,62.6,9.17
430,Kruisfontein,0,ZA,1538248235,76,-34.0,24.73,63.37,18.5
431,Bourail,56,NC,1538248785,96,-21.57,165.5,62.65,4.41
432,Vardo,1,US,1538247300,49,39.62,-77.74,77.0,8.05
433,Rio Grande,0,BR,1538244000,78,-32.03,-52.1,80.6,17.22
434,Nevers,0,FR,1538247600,47,46.99,3.16,60.8,8.05
435,Saint-Augustin,0,FR,1538247600,52,44.83,-0.61,66.2,5.82
436,Mitsamiouli,40,KM,1538244000,61,-11.38,43.28,80.6,3.36
437,Irgakly,0,RU,1538248786,88,44.36,44.74,57.61,5.97
438,Jatiroto,32,ID,1538248787,100,-6.89,111.01,76.15,5.19
439,Sampit,8,ID,1538248787,84,-2.54,112.95,76.51,7.43
440,Sovetskiy,80,RU,1538248787,88,56.76,48.47,39.88,8.1
441,Lang Son,8,VN,1538248788,90,21.83,106.73,66.43,3.29
442,Wewak,80,PG,1538248788,93,-3.55,143.63,77.32,3.4
443,Vostok,64,RU,1538248788,95,46.45,135.83,41.05,1.95
444,Romitan,0,UZ,1538245800,39,39.93,64.38,64.4,9.17
445,Tual,0,ID,1538248260,99,-5.67,132.75,80.2,15.03
446,Orebro,92,SE,1538247000,76,59.27,15.21,51.8,20.8
447,Saint-Joseph,0,FR,1538247600,59,43.56,6.97,71.6,3.36
448,Bridgetown,20,CA,1538247600,67,44.84,-65.29,62.6,6.93
449,Grand Gaube,75,MU,1538244000,94,-20.01,57.66,69.8,12.75
450,Xinqing,0,CN,1538248790,83,48.28,129.53,36.91,2.17
451,Kendari,92,ID,1538248287,87,-3.99,122.52,75.79,1.95
452,Eyl,24,SO,1538248791,94,7.98,49.82,76.06,15.48
453,Teya,75,MX,1538246820,52,21.05,-89.07,91.4,16.11
454,Yumen,76,CN,1538248791,31,40.29,97.04,49.6,8.55
455,Havre-Saint-Pierre,40,CA,1538247600,87,50.23,-63.6,48.2,14.99
456,Richards Bay,80,ZA,1538248284,92,-28.77,32.06,64.27,7.99
457,Kavieng,12,PG,1538248195,100,-2.57,150.8,83.44,6.53
458,Shafranovo,92,RU,1538248793,95,53.97,54.77,51.22,2.73
459,Rundu,68,NA,1538248793,20,-17.91,19.77,85.78,8.88
460,Sao Filipe,0,CV,1538248794,90,14.9,-24.5,80.47,10.0
461,Limoges,0,FR,1538247600,58,45.84,1.26,59.0,6.93
462,Anadyr,75,RU,1538244000,93,64.73,177.51,50.0,31.32
463,Baisha,0,CN,1538248794,95,19.23,109.45,68.05,1.95
464,Cururupu,0,BR,1538248795,54,-1.82,-44.87,90.37,13.47
465,Pitimbu,48,BR,1538248795,92,-7.47,-34.81,79.3,13.35
466,Tomatlan,24,MX,1538248242,75,19.93,-105.25,85.51,2.73
467,Puerto Leguizamo,20,CO,1538248796,46,-0.19,-74.78,95.23,3.18
468,Gawler,0,AU,1538247600,86,-34.6,138.75,41.0,7.43
469,Jijiga,0,ET,1538248796,52,9.35,42.8,62.2,4.41
470,Cooma,0,AU,1538248797,82,-36.24,149.13,30.07,3.74
471,Great Yarmouth,0,GB,1538247000,66,52.61,1.73,51.8,5.82
472,Kangasala,75,FI,1538247000,75,61.46,24.07,42.8,12.75
473,Quelimane,20,MZ,1538244000,88,-17.88,36.89,78.8,11.41
474,Avera,90,US,1538246100,95,33.19,-82.53,87.8,8.05
475,Meulaboh,80,ID,1538248798,100,4.14,96.13,77.59,4.41
476,Tabou,92,CI,1538248798,100,4.42,-7.36,77.77,14.03
477,Brindisi,0,IT,1538247300,64,40.63,17.94,71.6,14.99
478,Jumla,0,NP,1538248798,79,29.28,82.18,33.13,2.95
479,Omsukchan,80,RU,1538248573,98,62.53,155.8,29.71,2.62
480,San Patricio,8,PY,1538248799,55,-26.98,-56.83,91.18,10.45
481,Pangkalanbuun,8,ID,1538248672,91,-2.68,111.62,72.91,2.39
482,Puerto Ayacucho,40,CO,1538244000,59,5.66,-67.63,91.4,6.93
483,Trat,32,TH,1538248800,100,12.25,102.51,79.66,1.72
484,Gimli,0,CA,1538247985,99,50.63,-96.99,44.11,8.77
485,Florida,40,CU,1538243400,46,21.53,-78.23,91.4,14.99
486,Qena,0,EG,1538247600,25,26.16,32.72,98.6,6.08
487,Meadow Lake,90,CA,1538247600,59,54.13,-108.44,33.8,14.99
488,Fortuna,0,ES,1538247600,68,38.18,-1.13,75.2,4.52
489,Tezu,56,IN,1538248802,86,27.93,96.16,67.33,0.94
490,Chokurdakh,76,RU,1538248802,94,70.62,147.9,27.55,11.45
491,Fort Nelson,75,CA,1538247600,55,58.81,-122.69,35.6,5.82
492,Kontagora,0,NG,1538248803,78,10.4,5.47,82.54,2.84
493,Ruston,75,US,1538246700,65,32.52,-92.64,78.08,3.62
494,Sorong,12,ID,1538248299,100,-0.86,131.25,81.28,10.67
495,Isangel,92,VU,1538248280,100,-19.55,169.27,71.2,15.82
496,Mahibadhoo,56,MV,1538248657,99,3.78,72.97,83.71,16.82
497,Hengyang,0,CN,1538248804,84,26.89,112.6,60.85,5.97
498,Sambava,12,MG,1538248804,100,-14.27,50.17,73.9,15.7
499,Dalby,40,AU,1538244120,82,-27.18,151.26,62.6,17.22
500,Sungaipenuh,80,ID,1538248805,95,-2.08,101.38,67.6,0.72
501,Carballo,0,ES,1538247600,88,43.21,-8.69,73.4,2.17
502,Taoudenni,12,ML,1538248806,16,22.68,-3.98,94.24,4.18
503,Gigmoto,8,PH,1538248806,100,13.78,124.39,80.65,8.1
504,Manggar,8,ID,1538248806,98,-2.88,108.27,76.33,5.97
505,Acari,0,BR,1538248806,33,-6.44,-36.64,92.08,10.67
506,Tramore,0,IE,1538248807,82,52.16,-7.15,56.17,9.78
507,Curup,88,ID,1538248807,96,-3.47,102.53,70.75,2.17
508,Shipunovo,0,RU,1538248807,81,52.22,82.26,39.97,3.18
509,Hasanabad,0,IR,1538245800,31,35.37,51.24,73.4,3.51
510,Manbij,0,SY,1538247000,49,36.53,37.96,73.4,4.7
511,Roverud,44,NO,1538248809,80,60.25,12.05,46.27,10.67
512,Shupiyan,0,IN,1538248809,76,33.72,74.83,42.67,1.95
513,Wanlaweyn,92,SO,1538248810,85,2.62,44.89,76.96,9.33
514,Tongchuan,0,CN,1538244000,77,34.9,108.95,60.8,6.71
515,Atar,24,MR,1538248810,28,20.52,-13.05,93.61,5.75
516,Vila,0,IT,1538247000,63,45.18,8.4,64.4,2.24
517,Paris,8,FR,1538245800,50,48.86,2.35,57.2,5.82
518,Kahului,40,US,1538247780,84,20.89,-156.47,84.02,16.11
519,Octeville,0,FR,1538247600,71,49.63,-1.64,53.6,3.36
520,Hervey Bay,0,AU,1538248812,100,-25.3,152.85,67.51,2.17
521,Nantucket,1,US,1538246100,56,41.28,-70.1,71.96,10.29
522,Hanzhong,92,CN,1538248813,81,33.08,107.03,55.99,1.16
523,Shelburne,75,CA,1538247600,44,44.08,-80.2,60.8,11.41
524,Takoradi,64,GH,1538248813,97,4.89,-1.75,77.86,7.76
525,Evensk,92,RU,1538248814,100,61.92,159.24,40.15,12.57
526,Biak,24,ID,1538248244,97,-0.91,122.88,75.88,5.19
527,Shimoda,100,JP,1538248814,100,34.7,138.93,70.57,15.82
528,Cabedelo,48,BR,1538248231,92,-6.97,-34.84,79.3,13.35
529,Honningsvag,56,NO,1538248815,100,70.98,25.97,37.99,21.18
530,Berezovyy,68,RU,1538248810,86,51.67,135.7,36.37,2.73
531,Essen,0,DE,1538247000,75,51.46,7.01,50.0,4.7
532,Markova,0,RU,1538245800,93,52.21,104.21,35.6,6.71
533,Ilo,8,PE,1538248816,70,-17.65,-71.34,68.32,4.18
534,Cheremukhovo,80,RU,1538248816,87,56.23,46.23,41.68,6.42
535,Tricase,5,IT,1538247300,64,39.93,18.36,69.8,11.41
536,Galle,75,US,1538247780,83,29.74,-97.91,77.0,4.7
537,Kilindoni,0,TZ,1538248817,100,-7.91,39.67,77.95,12.8
538,Awjilah,24,LY,1538248818,26,29.14,21.3,75.61,6.98
539,Bryan,90,US,1538247300,100,30.67,-96.37,73.4,8.05
540,Posse,92,BR,1538248819,20,-14.08,-46.36,96.49,4.74
541,Topchikha,0,RU,1538248591,82,52.82,83.12,40.33,3.74
